Denormalization Factors:
pos_error_mean: 0.015760024051624345
pos_error_std: 3.7166195988016155
pos_error_max: 10.766355046037168
pos_error_min: -14.026973821154733
vel_mean: 0.004717023776618192
vel_std: 15.449817882387746
vel_max: 51.27786636352539
vel_min: -51.29561233520508
torque_mean: 0.0016352161480303789
torque_std: 0.2760055293974273
torque_max: 0.3880205452442169
torque_min: -0.3819151520729065
